{"pcc_disfa_train1_unique": [[1.0, 0.49086645774038945, 0.09287521244691696, -0.06976066926586359, 0.12310547955898297, -0.10175579867493778, -0.12610359123052864, -0.03982576127657821], [0.49086645774038945, 1.0, -0.0952426085622409, -0.08774784205810929, -0.047388273491145355, -0.11078636022291499, -0.14238394589706174, 0.01068177986979], [0.09287521244691696, -0.0952426085622409, 1.0, -0.1605686290494236, 0.2680945274578694, -0.3727098201551596, -0.3481973419711943, -0.1476621435549236], [-0.06976066926586359, -0.08774784205810929, -0.1605686290494236, 1.0, 0.19063569714261352, 0.4675027842860027, 0.25484111630735967, -0.07374746292569613], [0.12310547955898297, -0.047388273491145355, 0.2680945274578694, 0.19063569714261352, 1.0, -0.11632904328414513, 0.01748249631563193, 0.021457909913369207], [-0.10175579867493778, -0.11078636022291499, -0.3727098201551596, 0.4675027842860027, -0.11632904328414513, 1.0, 0.26323502398362536, -0.14955401998251946], [-0.12610359123052864, -0.14238394589706174, -0.3481973419711943, 0.25484111630735967, 0.01748249631563193, 0.26323502398362536, 1.0, 0.03787816993552213], [-0.03982576127657821, 0.01068177986979, -0.1476621435549236, -0.07374746292569613, 0.021457909913369207, -0.14955401998251946, 0.03787816993552213, 1.0]]}