{"pcc_disfa_train2_unique": [[1.0, 0.7086945884449738, -0.02459110768186799, -0.09827104209773743, -0.03900717385038909, -0.14212896575019743, -0.12842441659526077, 0.008043189855410141], [0.7086945884449738, 1.0, -0.009122907422619411, -0.10186720086651328, -0.05043142640911138, -0.14624896059720544, -0.2558613241830783, -0.08854258399277551], [-0.02459110768186799, -0.009122907422619411, 1.0, -0.19670030874961364, 0.23475479438941224, -0.39290518305053485, -0.35658197436526196, -0.13399821232060485], [-0.09827104209773743, -0.10186720086651328, -0.19670030874961364, 1.0, 0.05675575037461155, 0.48221379171038364, 0.25458822955144833, -0.06777067065427657], [-0.03900717385038909, -0.05043142640911138, 0.23475479438941224, 0.05675575037461155, 1.0, -0.09442953990288488, 0.010043526248026534, -0.003988088623777119], [-0.14212896575019743, -0.14624896059720544, -0.39290518305053485, 0.48221379171038364, -0.09442953990288488, 1.0, 0.33324190957815847, -0.058237423157223855], [-0.12842441659526077, -0.2558613241830783, -0.35658197436526196, 0.25458822955144833, 0.010043526248026534, 0.33324190957815847, 1.0, 0.22227716797158253], [0.008043189855410141, -0.08854258399277551, -0.13399821232060485, -0.06777067065427657, -0.003988088623777119, -0.058237423157223855, 0.22227716797158253, 1.0]]}