{"pcc_bp4d_train2_unique": [[1.0, 0.46165517593938654, 0.16845727751298006, -0.05987354754023095, -0.03609477969057998, -0.01683797798085115, -0.07004263178328739, -0.060342404412327674, -0.03471579729621258, 0.013879592050437057, -0.023835004410584316, -0.06146878551577799], [0.46165517593938654, 1.0, -0.09359557692306918, 0.015402413271893331, -0.049223292155482684, -0.0009318991065598817, 0.07201567700785019, -0.023691146449837566, -0.05092072121596574, -0.023526884051451088, 0.006468472051834232, -0.040781384045916816], [0.16845727751298006, -0.09359557692306918, 1.0, -0.05983418626915612, 0.06945736707514366, -0.10088426089441661, -0.3157367504090995, -0.10444859435463262, -0.005160724613422785, 0.04069687857369741, 0.01794703322774986, 0.02646099094596546], [-0.05987354754023095, 0.015402413271893331, -0.05983418626915612, 1.0, 0.5304911969887708, 0.4965233076171644, 0.4860915830540539, 0.28861867596173024, 0.1761730698346954, 0.013987662605746593, 0.09107439162148664, -0.002418509324616425], [-0.03609477969057998, -0.049223292155482684, 0.06945736707514366, 0.5304911969887708, 1.0, 0.365682798105094, 0.25689874790840744, 0.18962996948584243, 0.16607626265726186, 0.026123021264738106, 0.0522691202435502, -0.005948417929848559], [-0.01683797798085115, -0.0009318991065598817, -0.10088426089441661, 0.4965233076171644, 0.365682798105094, 1.0, 0.45971899933357635, 0.1877559128527363, 0.10594341894846582, -0.04128040761816453, 0.043973059012808645, -0.11943395726907345], [-0.07004263178328739, 0.07201567700785019, -0.3157367504090995, 0.4860915830540539, 0.25689874790840744, 0.45971899933357635, 1.0, 0.20914467530643632, 0.09367883571703255, -0.0654012622489807, 0.0457646522644207, -0.09001085706375289], [-0.060342404412327674, -0.023691146449837566, -0.10444859435463262, 0.28861867596173024, 0.18962996948584243, 0.1877559128527363, 0.20914467530643632, 1.0, 0.16677821027869763, 0.15579349335758289, 0.15809575155805378, 0.20013465699127309], [-0.03471579729621258, -0.05092072121596574, -0.005160724613422785, 0.1761730698346954, 0.16607626265726186, 0.10594341894846582, 0.09367883571703255, 0.16677821027869763, 1.0, 0.2859988345892841, 0.2387415250204162, 0.21564405747916893], [0.013879592050437057, -0.023526884051451088, 0.04069687857369741, 0.013987662605746593, 0.026123021264738106, -0.04128040761816453, -0.0654012622489807, 0.15579349335758289, 0.2859988345892841, 1.0, 0.27005655127096306, 0.4143030449498512], [-0.023835004410584316, 0.006468472051834232, 0.01794703322774986, 0.09107439162148664, 0.0522691202435502, 0.043973059012808645, 0.0457646522644207, 0.15809575155805378, 0.2387415250204162, 0.27005655127096306, 1.0, 0.2634479743416676], [-0.06146878551577799, -0.040781384045916816, 0.02646099094596546, -0.002418509324616425, -0.005948417929848559, -0.11943395726907345, -0.09001085706375289, 0.20013465699127309, 0.21564405747916893, 0.4143030449498512, 0.2634479743416676, 1.0]]}