{"pcc_bp4d_train1_unique": [[1.0, 0.4341451350448554, -0.004393046126935544, -0.07789531690522106, -0.059322445654829234, 0.047051229651788276, -0.005574919031416082, -0.05796495390061685, -0.07533430497931132, -0.04241816948098652, -0.06288953389147538, -0.10587521070056338], [0.4341451350448554, 1.0, -0.12940604111755324, 0.015421828479544033, -0.03701001821652938, 0.05194989674973396, 0.06532589240703354, 0.009464284051069145, -0.03811008814676963, -0.07905656583059877, -0.024142176251054037, -0.061168878877965564], [-0.004393046126935544, -0.12940604111755324, 1.0, -0.1375730162459752, -0.006430097356619366, -0.1410845932372604, -0.32236716809753896, -0.06890590161292022, -0.04045250629250915, 0.040585116842343956, 0.020521531992568832, 0.0494843712946763], [-0.07789531690522106, 0.015421828479544033, -0.1375730162459752, 1.0, 0.5092955180545395, 0.4066884159913475, 0.5489778199644183, 0.16712191657304032, 0.1431280306317646, -0.04543039174680828, 0.031057116271553917, -0.0808253706387903], [-0.059322445654829234, -0.03701001821652938, -0.006430097356619366, 0.5092955180545395, 1.0, 0.2762177214383607, 0.33255872654091234, 0.11546067526158629, 0.17125179976489396, 0.013318211163539699, 0.03948108457140977, -0.006316580047554692], [0.047051229651788276, 0.05194989674973396, -0.1410845932372604, 0.4066884159913475, 0.2762177214383607, 1.0, 0.47334214721841683, 0.15301229312823203, 0.12558470633843932, -0.10637534898386168, -0.04016509394831314, -0.192111186834227], [-0.005574919031416082, 0.06532589240703354, -0.32236716809753896, 0.5489778199644183, 0.33255872654091234, 0.47334214721841683, 1.0, 0.13240111279366812, 0.09783275267154096, -0.1093163799014755, 0.01314479982435299, -0.15196284000647114], [-0.05796495390061685, 0.009464284051069145, -0.06890590161292022, 0.16712191657304032, 0.11546067526158629, 0.15301229312823203, 0.13240111279366812, 1.0, 0.09174673027933374, 0.07702268961190825, 0.10319681170114883, 0.20936426516024473], [-0.07533430497931132, -0.03811008814676963, -0.04045250629250915, 0.1431280306317646, 0.17125179976489396, 0.12558470633843932, 0.09783275267154096, 0.09174673027933374, 1.0, 0.265234435943972, 0.19653674889008566, 0.13477499771552598], [-0.04241816948098652, -0.07905656583059877, 0.040585116842343956, -0.04543039174680828, 0.013318211163539699, -0.10637534898386168, -0.1093163799014755, 0.07702268961190825, 0.265234435943972, 1.0, 0.2648193706757146, 0.4056124852167782], [-0.06288953389147538, -0.024142176251054037, 0.020521531992568832, 0.031057116271553917, 0.03948108457140977, -0.04016509394831314, 0.01314479982435299, 0.10319681170114883, 0.19653674889008566, 0.2648193706757146, 1.0, 0.27556707725340807], [-0.10587521070056338, -0.061168878877965564, 0.0494843712946763, -0.0808253706387903, -0.006316580047554692, -0.192111186834227, -0.15196284000647114, 0.20936426516024473, 0.13477499771552598, 0.4056124852167782, 0.27556707725340807, 1.0]]}