{"pcc_disfa_train0_unique": [[1.0, 0.6363223616402923, 0.07065409005429747, -0.08173029052000266, -0.015388974052124093, -0.125390014423058, -0.22158902960209514, -0.010332985942098295], [0.6363223616402923, 1.0, 0.04461140087768644, -0.09821175016604804, -0.08487612511523068, -0.1408549205626371, -0.28669194827809297, -0.06396330634731691], [0.07065409005429747, 0.04461140087768644, 1.0, -0.059869666345458816, 0.38582530873508203, -0.2979711817839674, -0.324640071419713, -0.10195928709980509], [-0.08173029052000266, -0.09821175016604804, -0.059869666345458816, 1.0, 0.16179063005467095, 0.3695115520008486, 0.17904534351853607, -0.025911977133263278], [-0.015388974052124093, -0.08487612511523068, 0.38582530873508203, 0.16179063005467095, 1.0, -0.1609595182144927, -0.08584833433873443, -0.006566553876959593], [-0.125390014423058, -0.1408549205626371, -0.2979711817839674, 0.3695115520008486, -0.1609595182144927, 1.0, 0.2619115274845212, -0.019015845025428614], [-0.22158902960209514, -0.28669194827809297, -0.324640071419713, 0.17904534351853607, -0.08584833433873443, 0.2619115274845212, 1.0, 0.1513355412315297], [-0.010332985942098295, -0.06396330634731691, -0.10195928709980509, -0.025911977133263278, -0.006566553876959593, -0.019015845025428614, 0.1513355412315297, 1.0]]}